
 EFA Example: Junior Executive Attitude Survey 

 Summary Statistics: 
 No. of observation: 70 No. of Variables: 12 
    vars  n mean   sd median trimmed  mad min max range  skew kurtosis   se
V1     1 70 2.93 1.55    3.0    2.91 2.97   1   5     4  0.09    -1.50 0.19
V2     2 70 3.16 1.46    3.0    3.20 1.48   1   5     4 -0.10    -1.43 0.17
V3     3 70 3.17 1.46    3.0    3.21 1.48   1   5     4 -0.13    -1.44 0.18
V4     4 70 3.29 1.46    3.5    3.36 2.22   1   5     4 -0.25    -1.37 0.17
V5     5 70 2.76 1.53    2.0    2.70 1.48   1   5     4  0.24    -1.52 0.18
V6     6 70 3.26 1.46    3.5    3.32 2.22   1   5     4 -0.17    -1.46 0.17
V7     7 70 3.17 1.44    4.0    3.21 1.48   1   5     4 -0.32    -1.31 0.17
V8     8 70 3.40 1.44    4.0    3.50 1.48   1   5     4 -0.39    -1.19 0.17
V9     9 70 3.34 1.55    3.5    3.43 2.22   1   5     4 -0.18    -1.60 0.19
V10   10 70 2.91 1.45    3.0    2.89 1.48   1   5     4 -0.05    -1.44 0.17
V11   11 70 3.11 1.51    3.0    3.14 1.48   1   5     4 -0.12    -1.47 0.18
V12   12 70 2.70 1.60    2.0    2.62 1.48   1   5     4  0.36    -1.49 0.19

 Correlation Matrix:
         V1      V2      V3      V4      V5      V6      V7      V8      V9     V10    V11     V12
V1   1.0000  0.1582 -0.0964 -0.0549  0.0964 -0.0237  0.0249  0.1361 -0.0980 -0.0670 -0.219  0.1078
V2   0.1582  1.0000  0.9018 -0.3007  0.0239 -0.2500  0.8456  0.8592 -0.1841 -0.8544 -0.626  0.2064
V3  -0.0964  0.9018  1.0000 -0.1661 -0.0654 -0.1089  0.7945  0.7513 -0.0965 -0.8246 -0.658  0.0965
V4  -0.0549 -0.3007 -0.1661  1.0000 -0.8744  0.8844 -0.1132 -0.1730  0.9192  0.2859 -0.319 -0.9143
V5   0.0964  0.0239 -0.0654 -0.8744  1.0000 -0.8679 -0.1649 -0.0607 -0.8706  0.0362  0.515  0.9306
V6  -0.0237 -0.2500 -0.1089  0.8844 -0.8679  1.0000 -0.0624 -0.1737  0.8818  0.2359 -0.441 -0.9023
V7   0.0249  0.8456  0.7945 -0.1132 -0.1649 -0.0624  1.0000  0.9291 -0.0266 -0.8290 -0.634  0.0351
V8   0.1361  0.8592  0.7513 -0.1730 -0.0607 -0.1737  0.9291  1.0000 -0.0624 -0.8506 -0.622  0.1158
V9  -0.0980 -0.1841 -0.0965  0.9192 -0.8706  0.8818 -0.0266 -0.0624  1.0000  0.2579 -0.457 -0.8986
V10 -0.0670 -0.8544 -0.8246  0.2859  0.0362  0.2359 -0.8290 -0.8506  0.2579  1.0000  0.514 -0.1609
V11 -0.2190 -0.6263 -0.6584 -0.3185  0.5155 -0.4407 -0.6342 -0.6223 -0.4570  0.5139  1.000  0.4106
V12  0.1078  0.2064  0.0965 -0.9143  0.9306 -0.9023  0.0351  0.1158 -0.8986 -0.1609  0.411  1.0000

 Bartlett's Test of Sphericity:
$chisq
[1] 1305

$p.value
[1] 2.47e-229

$df
[1] 66


 KMO Index 
Kaiser-Meyer-Olkin factor adequacy
Call: KMO(r = mycor)
Overall MSA =  0.59
MSA for each item = 
  V1   V2   V3   V4   V5   V6   V7   V8   V9  V10  V11  V12 
0.05 0.58 0.47 0.56 0.60 0.84 0.69 0.55 0.73 0.57 0.57 0.85 

 Complete factor Solutions: 
Principal Components Analysis
Call: principal(r = mycor, nfactors = p, rotate = "none", n.obs = nobs)
Standardized loadings (pattern matrix) based upon correlation matrix
      PC1   PC2   PC3   PC4   PC5   PC6   PC7   PC8   PC9  PC10  PC11  PC12 h2      u2 com
V1   0.13  0.02  0.99  0.04 -0.07  0.05  0.04 -0.01  0.00  0.00  0.02  0.01  1 5.6e-16 1.1
V2   0.82  0.51  0.04 -0.11 -0.02  0.16  0.00 -0.16  0.06  0.03 -0.04 -0.03  1 4.0e-15 1.9
V3   0.71  0.57 -0.21 -0.29 -0.11  0.11  0.11  0.06 -0.02  0.01  0.03  0.04  1 2.2e-15 2.7
V4  -0.74  0.61  0.01  0.08  0.00  0.18  0.10  0.14 -0.07 -0.02 -0.03 -0.03  1 3.3e-15 2.3
V5   0.52 -0.80  0.06 -0.13  0.15  0.00  0.04  0.11  0.03  0.13  0.02 -0.03  1 2.9e-15 2.0
V6  -0.70  0.65  0.06 -0.08 -0.05 -0.19  0.16  0.01  0.12  0.03 -0.03  0.00  1 2.9e-15 2.4
V7   0.69  0.64 -0.08  0.21  0.14 -0.10  0.16 -0.08 -0.08  0.00  0.04 -0.01  1 1.9e-15 2.6
V8   0.74  0.57  0.04  0.25  0.21  0.01 -0.06  0.09  0.05  0.04 -0.05  0.03  1 1.7e-15 2.4
V9  -0.67  0.69 -0.01 -0.02  0.21  0.11 -0.07 -0.01  0.10 -0.03  0.07  0.00  1 1.3e-15 2.3
V10 -0.79 -0.48  0.07 -0.17  0.29  0.05  0.08 -0.10 -0.06  0.02 -0.03  0.03  1 1.9e-15 2.2
V11 -0.22 -0.87 -0.21  0.31 -0.11  0.15  0.13 -0.05  0.08  0.03  0.01  0.02  1 1.1e-16 1.7
V12  0.68 -0.69  0.04 -0.07  0.12  0.00  0.09  0.05  0.07 -0.16 -0.01 -0.01  1 2.2e-15 2.3

                       PC1  PC2  PC3  PC4  PC5  PC6  PC7  PC8  PC9 PC10 PC11 PC12
SS loadings           5.11 4.69 1.08 0.36 0.27 0.15 0.12 0.09 0.06 0.05 0.02 0.01
Proportion Var        0.43 0.39 0.09 0.03 0.02 0.01 0.01 0.01 0.00 0.00 0.00 0.00
Cumulative Var        0.43 0.82 0.91 0.94 0.96 0.97 0.98 0.99 0.99 1.00 1.00 1.00
Proportion Explained  0.43 0.39 0.09 0.03 0.02 0.01 0.01 0.01 0.00 0.00 0.00 0.00
Cumulative Proportion 0.43 0.82 0.91 0.94 0.96 0.97 0.98 0.99 0.99 1.00 1.00 1.00

Mean item complexity =  2.2
Test of the hypothesis that 12 components are sufficient.

The root mean square of the residuals (RMSR) is  0 
 with the empirical chi square  0  with prob <  NA 

Fit based upon off diagonal values = 1

 Initial 3-factor solutions using PC 
Principal Components Analysis
Call: principal(r = mycor, nfactors = 3, residuals = TRUE, rotate = "none", 
    n.obs = nobs)
Standardized loadings (pattern matrix) based upon correlation matrix
      PC1   PC2   PC3   h2    u2 com
V1   0.13  0.02  0.99 0.99 0.011 1.0
V2   0.82  0.51  0.04 0.93 0.071 1.7
V3   0.71  0.57 -0.21 0.87 0.126 2.1
V4  -0.74  0.61  0.01 0.92 0.076 1.9
V5   0.52 -0.80  0.06 0.92 0.075 1.7
V6  -0.70  0.65  0.06 0.91 0.087 2.0
V7   0.69  0.64 -0.08 0.88 0.117 2.0
V8   0.74  0.57  0.04 0.88 0.122 1.9
V9  -0.67  0.69 -0.01 0.92 0.079 2.0
V10 -0.79 -0.48  0.07 0.86 0.139 1.7
V11 -0.22 -0.87 -0.21 0.84 0.155 1.3
V12  0.68 -0.69  0.04 0.94 0.061 2.0

                       PC1  PC2  PC3
SS loadings           5.11 4.69 1.08
Proportion Var        0.43 0.39 0.09
Cumulative Var        0.43 0.82 0.91
Proportion Explained  0.47 0.43 0.10
Cumulative Proportion 0.47 0.90 1.00

Mean item complexity =  1.8
Test of the hypothesis that 3 components are sufficient.

The root mean square of the residuals (RMSR) is  0.03 
 with the empirical chi square  9.24  with prob <  1 

Fit based upon off diagonal values = 1

 Residual Matrix 
    residual.V1 residual.V2 residual.V3 residual.V4 residual.V5 residual.V6 residual.V7 residual.V8 residual.V9
V1        0.011       0.003       0.006       0.014      -0.015      -0.003       0.002      -0.007      -0.013
V2        0.003       0.071       0.039      -0.004      -0.001      -0.012      -0.036      -0.039       0.020
V3        0.006       0.039       0.126       0.014       0.034       0.025      -0.074      -0.094      -0.012
V4        0.014      -0.004       0.014       0.076       0.005      -0.032       0.009       0.024       0.002
V5       -0.015      -0.001       0.034       0.005       0.075       0.018      -0.009       0.010       0.033
V6       -0.003      -0.012       0.025      -0.032       0.018       0.087       0.007      -0.034      -0.032
V7        0.002      -0.036      -0.074       0.009      -0.009       0.007       0.117       0.059      -0.001
V8       -0.007      -0.039      -0.094       0.024       0.010      -0.034       0.059       0.122       0.043
V9       -0.013       0.020      -0.012       0.002       0.033      -0.032      -0.001       0.043       0.079
V10      -0.022       0.034       0.026      -0.006       0.059      -0.004       0.026       0.008       0.058
V11       0.034       0.003      -0.049       0.051      -0.052      -0.018       0.053       0.047      -0.015
V12      -0.009      -0.004       0.015       0.011       0.018       0.018       0.009       0.005       0.030
    residual.V10 residual.V11 residual.V12
V1        -0.022        0.034       -0.009
V2         0.034        0.003       -0.004
V3         0.026       -0.049        0.015
V4        -0.006        0.051        0.011
V5         0.059       -0.052        0.018
V6        -0.004       -0.018        0.018
V7         0.026        0.053        0.009
V8         0.008        0.047        0.005
V9         0.058       -0.015        0.030
V10        0.139       -0.065        0.042
V11       -0.065        0.155       -0.026
V12        0.042       -0.026        0.061

 Initial 3-factor solutions using PAF 
Factor Analysis using method =  pa
Call: fa(r = mycor, nfactors = 3, n.obs = nobs, rotate = "none", fm = "pa")
Standardized loadings (pattern matrix) based upon correlation matrix
      PA1   PA2   PA3   h2    u2 com
V1   0.12  0.03  0.90 0.82 0.182 1.0
V2   0.79  0.55  0.04 0.93 0.071 1.8
V3   0.67  0.60 -0.19 0.84 0.160 2.2
V4  -0.77  0.56  0.02 0.91 0.091 1.8
V5   0.56 -0.77  0.06 0.91 0.089 1.8
V6  -0.72  0.60  0.06 0.89 0.110 2.0
V7   0.64  0.66 -0.07 0.86 0.143 2.0
V8   0.70  0.60  0.04 0.85 0.149 2.0
V9  -0.70  0.64 -0.01 0.90 0.098 2.0
V10 -0.75 -0.52  0.06 0.83 0.175 1.8
V11 -0.17 -0.85 -0.19 0.79 0.211 1.2
V12  0.71 -0.65  0.04 0.93 0.070 2.0

                       PA1  PA2  PA3
SS loadings           4.99 4.56 0.90
Proportion Var        0.42 0.38 0.07
Cumulative Var        0.42 0.80 0.87
Proportion Explained  0.48 0.44 0.09
Cumulative Proportion 0.48 0.91 1.00

Mean item complexity =  1.8
Test of the hypothesis that 3 factors are sufficient.

The degrees of freedom for the null model are  66  and the objective function was  20.3 with Chi Square of  1304
The degrees of freedom for the model are 33  and the objective function was  4.35 

The root mean square of the residuals (RMSR) is  0.03 
The df corrected root mean square of the residuals is  0.04 

The harmonic number of observations is  70 with the empirical chi square  7.01  with prob <  1 
The total number of observations was  70  with Likelihood Chi Square =  270  with prob <  4.4e-39 

Tucker Lewis Index of factoring reliability =  0.604
RMSEA index =  0.343  and the 90 % confidence intervals are  0.288 0.359
BIC =  130
Fit based upon off diagonal values = 1
Measures of factor score adequacy             
                                                   PA1  PA2  PA3
Correlation of (regression) scores with factors   0.99 0.99 0.91
Multiple R square of scores with factors          0.98 0.98 0.83
Minimum correlation of possible factor scores     0.96 0.95 0.67

 Varimax rotated solutions using PC 
Principal Components Analysis
Call: principal(r = mydata, nfactors = 3, rotate = "varimax", scores = TRUE)
Standardized loadings (pattern matrix) based upon correlation matrix
      RC1   RC2   RC3   h2    u2 com
V1   0.04 -0.06  0.99 0.99 0.011 1.0
V2   0.95 -0.16  0.10 0.93 0.071 1.1
V3   0.92 -0.04 -0.15 0.87 0.126 1.1
V4  -0.16  0.95  0.00 0.92 0.076 1.1
V5  -0.14 -0.95  0.06 0.92 0.075 1.1
V6  -0.10  0.95  0.04 0.91 0.087 1.0
V7   0.94  0.03 -0.02 0.88 0.117 1.0
V8   0.93 -0.05  0.10 0.88 0.122 1.0
V9  -0.05  0.96 -0.03 0.92 0.079 1.0
V10 -0.91  0.16  0.00 0.86 0.139 1.1
V11 -0.72 -0.51 -0.25 0.84 0.155 2.1
V12  0.06 -0.97  0.06 0.94 0.061 1.0

                       RC1  RC2  RC3
SS loadings           4.91 4.87 1.10
Proportion Var        0.41 0.41 0.09
Cumulative Var        0.41 0.82 0.91
Proportion Explained  0.45 0.45 0.10
Cumulative Proportion 0.45 0.90 1.00

Mean item complexity =  1.1
Test of the hypothesis that 3 components are sufficient.

The root mean square of the residuals (RMSR) is  0.03 
 with the empirical chi square  9.24  with prob <  1 

Fit based upon off diagonal values = 1

 weight matrix based on Varimax rotation 
$weights
          RC1      RC2      RC3
V1  -0.038649 -0.00502  0.91053
V2   0.188880 -0.02367  0.05007
V3   0.197156 -0.00146 -0.17916
V4  -0.024105  0.19387  0.00981
V5  -0.039276 -0.19615  0.05590
V6  -0.014519  0.19484  0.04938
V7   0.194975  0.01297 -0.06068
V8   0.186772 -0.00283  0.04745
V9  -0.002127  0.19640 -0.01362
V10 -0.187761  0.02481  0.04921
V11 -0.141175 -0.11252 -0.20310
V12  0.000861 -0.19779  0.04261


 First 10 factor Scores based on varimax: 
   scores.RC1 scores.RC2 scores.RC3
1      -1.075      0.695      1.403
2      -1.360     -0.931      0.102
3      -1.203     -0.301     -0.654
4       1.083      0.964      1.285
5      -1.215      1.113     -1.193
6       1.055     -1.305     -0.504
7       1.229      1.067      0.617
8      -1.389     -0.414      0.108
9      -0.213      0.756     -1.065
10      1.127     -1.186      1.306

 Oblimin rotated solutions using PC 
Principal Components Analysis
Call: principal(r = mydata, nfactors = 3, rotate = "oblimin", scores = TRUE)
Standardized loadings (pattern matrix) based upon correlation matrix
      TC1   TC2   TC3   h2    u2 com
V1  -0.03 -0.06  1.00 0.99 0.011 1.0
V2   0.94 -0.14  0.08 0.93 0.071 1.1
V3   0.94 -0.02 -0.18 0.87 0.126 1.1
V4  -0.14  0.95  0.00 0.92 0.076 1.0
V5  -0.16 -0.95  0.07 0.92 0.075 1.1
V6  -0.09  0.95  0.04 0.91 0.087 1.0
V7   0.94  0.05 -0.05 0.88 0.117 1.0
V8   0.92 -0.03  0.07 0.88 0.122 1.0
V9  -0.04  0.96 -0.02 0.92 0.079 1.0
V10 -0.92  0.14  0.03 0.86 0.139 1.0
V11 -0.71 -0.52 -0.23 0.84 0.155 2.1
V12  0.04 -0.96  0.05 0.94 0.061 1.0

                       TC1  TC2  TC3
SS loadings           4.91 4.87 1.10
Proportion Var        0.41 0.41 0.09
Cumulative Var        0.41 0.81 0.91
Proportion Explained  0.45 0.45 0.10
Cumulative Proportion 0.45 0.90 1.00

 With component correlations of 
      TC1   TC2  TC3
TC1  1.00 -0.04 0.11
TC2 -0.04  1.00 0.00
TC3  0.11  0.00 1.00

Mean item complexity =  1.1
Test of the hypothesis that 3 components are sufficient.

The root mean square of the residuals (RMSR) is  0.03 
 with the empirical chi square  9.24  with prob <  1 

Fit based upon off diagonal values = 1

 weight matrix based on oblimin rotation 
$weights
         TC1      TC2      TC3
V1  -0.01056 -0.00510  0.90510
V2   0.19080 -0.02642  0.06402
V3   0.19155 -0.00417 -0.16394
V4  -0.02800  0.19419  0.00808
V5  -0.03327 -0.19560  0.05271
V6  -0.01723  0.19499  0.04825
V7   0.19269  0.01021 -0.04594
V8   0.18816 -0.00555  0.06126
V9  -0.00681  0.19642 -0.01364
V10 -0.18666  0.02747  0.03506
V11 -0.14486 -0.11033 -0.21313
V12  0.00647 -0.19781  0.04246


 First 10 factor Scores based on oblimin: 
   scores.TC1 scores.TC2 scores.TC3
1      -1.046      0.710   1.32e+00
2      -1.336     -0.912   8.35e-05
3      -1.216     -0.283  -7.42e-01
4       1.101      0.947   1.36e+00
5      -1.275      1.131  -1.28e+00
6       1.067     -1.319  -4.25e-01
7       1.224      1.049   7.08e-01
8      -1.376     -0.395   3.31e-03
9      -0.262      0.760  -1.08e+00
10      1.193     -1.203   1.39e+00

 Summary statistics and correlation matrix of factor scores 
           vars  n mean   sd median trimmed  mad   min  max range  skew kurtosis   se
scores.RC1    1 70 0.00 1.00   0.06    0.02 1.50 -1.39 1.23  2.62 -0.20    -1.62 0.12
scores.RC2    2 70 0.00 1.00   0.23    0.04 1.24 -1.54 1.11  2.65 -0.23    -1.69 0.12
scores.RC3    3 70 0.00 1.00  -0.12   -0.02 1.40 -1.42 1.51  2.93  0.20    -1.47 0.12
scores.TC1    4 70 0.00 1.00   0.06    0.02 1.52 -1.38 1.22  2.60 -0.17    -1.63 0.12
scores.TC2    5 70 0.00 1.00   0.23    0.04 1.21 -1.55 1.13  2.68 -0.24    -1.68 0.12
scores.TC3    6 70 0.00 1.00  -0.15   -0.02 1.37 -1.35 1.53  2.88  0.22    -1.47 0.12
fb1           7 70 3.15 1.31   3.33    3.17 1.85  1.33 4.83  3.50 -0.19    -1.60 0.16
fb2           8 70 3.29 1.45   3.70    3.34 1.63  1.20 5.00  3.80 -0.28    -1.65 0.17
fb3           9 70 2.93 1.55   3.00    2.91 2.97  1.00 5.00  4.00  0.09    -1.50 0.19

           scores.RC1 scores.RC2 scores.RC3 scores.TC1 scores.TC2 scores.TC3    fb1    fb2    fb3
scores.RC1      1.000      0.000      0.000      0.999     -0.014      0.075  0.998 -0.046  0.044
scores.RC2      0.000      1.000      0.000     -0.022      1.000      0.000  0.027  0.997 -0.060
scores.RC3      0.000      0.000      1.000      0.031     -0.001      0.997  0.055 -0.023  0.991
scores.TC1      0.999     -0.022      0.031      1.000     -0.036      0.105  0.998 -0.068  0.076
scores.TC2     -0.014      1.000     -0.001     -0.036      1.000     -0.001  0.013  0.998 -0.062
scores.TC3      0.075      0.000      0.997      0.105     -0.001      1.000  0.129 -0.026  0.992
fb1             0.998      0.027      0.055      0.998      0.013      0.129  1.000 -0.021  0.095
fb2            -0.046      0.997     -0.023     -0.068      0.998     -0.026 -0.021  1.000 -0.081
fb3             0.044     -0.060      0.991      0.076     -0.062      0.992  0.095 -0.081  1.000
